-88.750000
-86.250000
-83.750000
-81.250000
-78.750000
-76.250000
-73.750000
-71.250000
-68.750000
-66.250000
-63.750000
-61.250000
-58.750000
-56.250000
-53.750000
-51.250000
-48.750000
-46.250000
-43.750000
-41.250000
-38.750000
-36.250000
-33.750000
-31.250000
-28.750000
-26.250000
-23.750000
-21.250000
-18.750000
-16.250000
-13.750000
-11.250000
-8.750000
-6.250000
-3.750000
-1.250000
1.250000
3.750000
6.250000
8.750000
11.250000
13.750000
16.250000
18.750000
21.250000
23.750000
26.250000
28.750000
31.250000
33.750000
36.250000
38.750000
41.250000
43.750000
46.250000
48.750000
51.250000
53.750000
56.250000
58.750000
61.250000
63.750000
66.250000
68.750000
71.250000
73.750000
76.250000
78.750000
81.250000
83.750000
86.250000
88.750000
