-90.000000
-88.750000
-87.500000
-86.250000
-85.000000
-83.750000
-82.500000
-81.250000
-80.000000
-78.750000
-77.500000
-76.250000
-75.000000
-73.750000
-72.500000
-71.250000
-70.000000
-68.750000
-67.500000
-66.250000
-65.000000
-63.750000
-62.500000
-61.250000
-60.000000
-58.750000
-57.500000
-56.250000
-55.000000
-53.750000
-52.500000
-51.250000
-50.000000
-48.750000
-47.500000
-46.250000
-45.000000
-43.750000
-42.500000
-41.250000
-40.000000
-38.750000
-37.500000
-36.250000
-35.000000
-33.750000
-32.500000
-31.250000
-30.000000
-28.750000
-27.500000
-26.250000
-25.000000
-23.750000
-22.500000
-21.250000
-20.000000
-18.750000
-17.500000
-16.250000
-15.000000
-13.750000
-12.500000
-11.250000
-10.000000
-8.750000
-7.500000
-6.250000
-5.000000
-3.750000
-2.500000
-1.250000
0.000000
1.250000
2.500000
3.750000
5.000000
6.250000
7.500000
8.750000
10.000000
11.250000
12.500000
13.750000
15.000000
16.250000
17.500000
18.750000
20.000000
21.250000
22.500000
23.750000
25.000000
26.250000
27.500000
28.750000
30.000000
31.250000
32.500000
33.750000
35.000000
36.250000
37.500000
38.750000
40.000000
41.250000
42.500000
43.750000
45.000000
46.250000
47.500000
48.750000
50.000000
51.250000
52.500000
53.750000
55.000000
56.250000
57.500000
58.750000
60.000000
61.250000
62.500000
63.750000
65.000000
66.250000
67.500000
68.750000
70.000000
71.250000
72.500000
73.750000
75.000000
76.250000
77.500000
78.750000
80.000000
81.250000
82.500000
83.750000
85.000000
86.250000
87.500000
88.750000
