-89.375000
-88.125000
-86.875000
-85.625000
-84.375000
-83.125000
-81.875000
-80.625000
-79.375000
-78.125000
-76.875000
-75.625000
-74.375000
-73.125000
-71.875000
-70.625000
-69.375000
-68.125000
-66.875000
-65.625000
-64.375000
-63.125000
-61.875000
-60.625000
-59.375000
-58.125000
-56.875000
-55.625000
-54.375000
-53.125000
-51.875000
-50.625000
-49.375000
-48.125000
-46.875000
-45.625000
-44.375000
-43.125000
-41.875000
-40.625000
-39.375000
-38.125000
-36.875000
-35.625000
-34.375000
-33.125000
-31.875000
-30.625000
-29.375000
-28.125000
-26.875000
-25.625000
-24.375000
-23.125000
-21.875000
-20.625000
-19.375000
-18.125000
-16.875000
-15.625000
-14.375000
-13.125000
-11.875000
-10.625000
-9.375000
-8.125000
-6.875000
-5.625000
-4.375000
-3.125000
-1.875000
-0.625000
0.625000
1.875000
3.125000
4.375000
5.625000
6.875000
8.125000
9.375000
10.625000
11.875000
13.125000
14.375000
15.625000
16.875000
18.125000
19.375000
20.625000
21.875000
23.125000
24.375000
25.625000
26.875000
28.125000
29.375000
30.625000
31.875000
33.125000
34.375000
35.625000
36.875000
38.125000
39.375000
40.625000
41.875000
43.125000
44.375000
45.625000
46.875000
48.125000
49.375000
50.625000
51.875000
53.125000
54.375000
55.625000
56.875000
58.125000
59.375000
60.625000
61.875000
63.125000
64.375000
65.625000
66.875000
68.125000
69.375000
70.625000
71.875000
73.125000
74.375000
75.625000
76.875000
78.125000
79.375000
80.625000
81.875000
83.125000
84.375000
85.625000
86.875000
88.125000
89.375000
