-180.000000
-178.750000
-177.500000
-176.250000
-175.000000
-173.750000
-172.500000
-171.250000
-170.000000
-168.750000
-167.500000
-166.250000
-165.000000
-163.750000
-162.500000
-161.250000
-160.000000
-158.750000
-157.500000
-156.250000
-155.000000
-153.750000
-152.500000
-151.250000
-150.000000
-148.750000
-147.500000
-146.250000
-145.000000
-143.750000
-142.500000
-141.250000
-140.000000
-138.750000
-137.500000
-136.250000
-135.000000
-133.750000
-132.500000
-131.250000
-130.000000
-128.750000
-127.500000
-126.250000
-125.000000
-123.750000
-122.500000
-121.250000
-120.000000
-118.750000
-117.500000
-116.250000
-115.000000
-113.750000
-112.500000
-111.250000
-110.000000
-108.750000
-107.500000
-106.250000
-105.000000
-103.750000
-102.500000
-101.250000
-100.000000
-98.750000
-97.500000
-96.250000
-95.000000
-93.750000
-92.500000
-91.250000
-90.000000
-88.750000
-87.500000
-86.250000
-85.000000
-83.750000
-82.500000
-81.250000
-80.000000
-78.750000
-77.500000
-76.250000
-75.000000
-73.750000
-72.500000
-71.250000
-70.000000
-68.750000
-67.500000
-66.250000
-65.000000
-63.750000
-62.500000
-61.250000
-60.000000
-58.750000
-57.500000
-56.250000
-55.000000
-53.750000
-52.500000
-51.250000
-50.000000
-48.750000
-47.500000
-46.250000
-45.000000
-43.750000
-42.500000
-41.250000
-40.000000
-38.750000
-37.500000
-36.250000
-35.000000
-33.750000
-32.500000
-31.250000
-30.000000
-28.750000
-27.500000
-26.250000
-25.000000
-23.750000
-22.500000
-21.250000
-20.000000
-18.750000
-17.500000
-16.250000
-15.000000
-13.750000
-12.500000
-11.250000
-10.000000
-8.750000
-7.500000
-6.250000
-5.000000
-3.750000
-2.500000
-1.250000
0.000000
1.250000
2.500000
3.750000
5.000000
6.250000
7.500000
8.750000
10.000000
11.250000
12.500000
13.750000
15.000000
16.250000
17.500000
18.750000
20.000000
21.250000
22.500000
23.750000
25.000000
26.250000
27.500000
28.750000
30.000000
31.250000
32.500000
33.750000
35.000000
36.250000
37.500000
38.750000
40.000000
41.250000
42.500000
43.750000
45.000000
46.250000
47.500000
48.750000
50.000000
51.250000
52.500000
53.750000
55.000000
56.250000
57.500000
58.750000
60.000000
61.250000
62.500000
63.750000
65.000000
66.250000
67.500000
68.750000
70.000000
71.250000
72.500000
73.750000
75.000000
76.250000
77.500000
78.750000
80.000000
81.250000
82.500000
83.750000
85.000000
86.250000
87.500000
88.750000
90.000000
91.250000
92.500000
93.750000
95.000000
96.250000
97.500000
98.750000
100.000000
101.250000
102.500000
103.750000
105.000000
106.250000
107.500000
108.750000
110.000000
111.250000
112.500000
113.750000
115.000000
116.250000
117.500000
118.750000
120.000000
121.250000
122.500000
123.750000
125.000000
126.250000
127.500000
128.750000
130.000000
131.250000
132.500000
133.750000
135.000000
136.250000
137.500000
138.750000
140.000000
141.250000
142.500000
143.750000
145.000000
146.250000
147.500000
148.750000
150.000000
151.250000
152.500000
153.750000
155.000000
156.250000
157.500000
158.750000
160.000000
161.250000
162.500000
163.750000
165.000000
166.250000
167.500000
168.750000
170.000000
171.250000
172.500000
173.750000
175.000000
176.250000
177.500000
178.750000
