-179.375000
-178.125000
-176.875000
-175.625000
-174.375000
-173.125000
-171.875000
-170.625000
-169.375000
-168.125000
-166.875000
-165.625000
-164.375000
-163.125000
-161.875000
-160.625000
-159.375000
-158.125000
-156.875000
-155.625000
-154.375000
-153.125000
-151.875000
-150.625000
-149.375000
-148.125000
-146.875000
-145.625000
-144.375000
-143.125000
-141.875000
-140.625000
-139.375000
-138.125000
-136.875000
-135.625000
-134.375000
-133.125000
-131.875000
-130.625000
-129.375000
-128.125000
-126.875000
-125.625000
-124.375000
-123.125000
-121.875000
-120.625000
-119.375000
-118.125000
-116.875000
-115.625000
-114.375000
-113.125000
-111.875000
-110.625000
-109.375000
-108.125000
-106.875000
-105.625000
-104.375000
-103.125000
-101.875000
-100.625000
-99.375000
-98.125000
-96.875000
-95.625000
-94.375000
-93.125000
-91.875000
-90.625000
-89.375000
-88.125000
-86.875000
-85.625000
-84.375000
-83.125000
-81.875000
-80.625000
-79.375000
-78.125000
-76.875000
-75.625000
-74.375000
-73.125000
-71.875000
-70.625000
-69.375000
-68.125000
-66.875000
-65.625000
-64.375000
-63.125000
-61.875000
-60.625000
-59.375000
-58.125000
-56.875000
-55.625000
-54.375000
-53.125000
-51.875000
-50.625000
-49.375000
-48.125000
-46.875000
-45.625000
-44.375000
-43.125000
-41.875000
-40.625000
-39.375000
-38.125000
-36.875000
-35.625000
-34.375000
-33.125000
-31.875000
-30.625000
-29.375000
-28.125000
-26.875000
-25.625000
-24.375000
-23.125000
-21.875000
-20.625000
-19.375000
-18.125000
-16.875000
-15.625000
-14.375000
-13.125000
-11.875000
-10.625000
-9.375000
-8.125000
-6.875000
-5.625000
-4.375000
-3.125000
-1.875000
-0.625000
0.625000
1.875000
3.125000
4.375000
5.625000
6.875000
8.125000
9.375000
10.625000
11.875000
13.125000
14.375000
15.625000
16.875000
18.125000
19.375000
20.625000
21.875000
23.125000
24.375000
25.625000
26.875000
28.125000
29.375000
30.625000
31.875000
33.125000
34.375000
35.625000
36.875000
38.125000
39.375000
40.625000
41.875000
43.125000
44.375000
45.625000
46.875000
48.125000
49.375000
50.625000
51.875000
53.125000
54.375000
55.625000
56.875000
58.125000
59.375000
60.625000
61.875000
63.125000
64.375000
65.625000
66.875000
68.125000
69.375000
70.625000
71.875000
73.125000
74.375000
75.625000
76.875000
78.125000
79.375000
80.625000
81.875000
83.125000
84.375000
85.625000
86.875000
88.125000
89.375000
90.625000
91.875000
93.125000
94.375000
95.625000
96.875000
98.125000
99.375000
100.625000
101.875000
103.125000
104.375000
105.625000
106.875000
108.125000
109.375000
110.625000
111.875000
113.125000
114.375000
115.625000
116.875000
118.125000
119.375000
120.625000
121.875000
123.125000
124.375000
125.625000
126.875000
128.125000
129.375000
130.625000
131.875000
133.125000
134.375000
135.625000
136.875000
138.125000
139.375000
140.625000
141.875000
143.125000
144.375000
145.625000
146.875000
148.125000
149.375000
150.625000
151.875000
153.125000
154.375000
155.625000
156.875000
158.125000
159.375000
160.625000
161.875000
163.125000
164.375000
165.625000
166.875000
168.125000
169.375000
170.625000
171.875000
173.125000
174.375000
175.625000
176.875000
178.125000
179.375000
