-89.625000
-88.875000
-88.125000
-87.375000
-86.625000
-85.875000
-85.125000
-84.375000
-83.625000
-82.875000
-82.125000
-81.375000
-80.625000
-79.875000
-79.125000
-78.375000
-77.625000
-76.875000
-76.125000
-75.375000
-74.625000
-73.875000
-73.125000
-72.375000
-71.625000
-70.875000
-70.125000
-69.375000
-68.625000
-67.875000
-67.125000
-66.375000
-65.625000
-64.875000
-64.125000
-63.375000
-62.625000
-61.875000
-61.125000
-60.375000
-59.625000
-58.875000
-58.125000
-57.375000
-56.625000
-55.875000
-55.125000
-54.375000
-53.625000
-52.875000
-52.125000
-51.375000
-50.625000
-49.875000
-49.125000
-48.375000
-47.625000
-46.875000
-46.125000
-45.375000
-44.625000
-43.875000
-43.125000
-42.375000
-41.625000
-40.875000
-40.125000
-39.375000
-38.625000
-37.875000
-37.125000
-36.375000
-35.625000
-34.875000
-34.125000
-33.375000
-32.625000
-31.875000
-31.125000
-30.375000
-29.625000
-28.875000
-28.125000
-27.375000
-26.625000
-25.875000
-25.125000
-24.375000
-23.625000
-22.875000
-22.125000
-21.375000
-20.625000
-19.875000
-19.125000
-18.375000
-17.625000
-16.875000
-16.125000
-15.375000
-14.625000
-13.875000
-13.125000
-12.375000
-11.625000
-10.875000
-10.125000
-9.375000
-8.625000
-7.875000
-7.125000
-6.375000
-5.625000
-4.875000
-4.125000
-3.375000
-2.625000
-1.875000
-1.125000
-0.375000
0.375000
1.125000
1.875000
2.625000
3.375000
4.125000
4.875000
5.625000
6.375000
7.125000
7.875000
8.625000
9.375000
10.125000
10.875000
11.625000
12.375000
13.125000
13.875000
14.625000
15.375000
16.125000
16.875000
17.625000
18.375000
19.125000
19.875000
20.625000
21.375000
22.125000
22.875000
23.625000
24.375000
25.125000
25.875000
26.625000
27.375000
28.125000
28.875000
29.625000
30.375000
31.125000
31.875000
32.625000
33.375000
34.125000
34.875000
35.625000
36.375000
37.125000
37.875000
38.625000
39.375000
40.125000
40.875000
41.625000
42.375000
43.125000
43.875000
44.625000
45.375000
46.125000
46.875000
47.625000
48.375000
49.125000
49.875000
50.625000
51.375000
52.125000
52.875000
53.625000
54.375000
55.125000
55.875000
56.625000
57.375000
58.125000
58.875000
59.625000
60.375000
61.125000
61.875000
62.625000
63.375000
64.125000
64.875000
65.625000
66.375000
67.125000
67.875000
68.625000
69.375000
70.125000
70.875000
71.625000
72.375000
73.125000
73.875000
74.625000
75.375000
76.125000
76.875000
77.625000
78.375000
79.125000
79.875000
80.625000
81.375000
82.125000
82.875000
83.625000
84.375000
85.125000
85.875000
86.625000
87.375000
88.125000
88.875000
89.625000
