-179.625000
-178.875000
-178.125000
-177.375000
-176.625000
-175.875000
-175.125000
-174.375000
-173.625000
-172.875000
-172.125000
-171.375000
-170.625000
-169.875000
-169.125000
-168.375000
-167.625000
-166.875000
-166.125000
-165.375000
-164.625000
-163.875000
-163.125000
-162.375000
-161.625000
-160.875000
-160.125000
-159.375000
-158.625000
-157.875000
-157.125000
-156.375000
-155.625000
-154.875000
-154.125000
-153.375000
-152.625000
-151.875000
-151.125000
-150.375000
-149.625000
-148.875000
-148.125000
-147.375000
-146.625000
-145.875000
-145.125000
-144.375000
-143.625000
-142.875000
-142.125000
-141.375000
-140.625000
-139.875000
-139.125000
-138.375000
-137.625000
-136.875000
-136.125000
-135.375000
-134.625000
-133.875000
-133.125000
-132.375000
-131.625000
-130.875000
-130.125000
-129.375000
-128.625000
-127.875000
-127.125000
-126.375000
-125.625000
-124.875000
-124.125000
-123.375000
-122.625000
-121.875000
-121.125000
-120.375000
-119.625000
-118.875000
-118.125000
-117.375000
-116.625000
-115.875000
-115.125000
-114.375000
-113.625000
-112.875000
-112.125000
-111.375000
-110.625000
-109.875000
-109.125000
-108.375000
-107.625000
-106.875000
-106.125000
-105.375000
-104.625000
-103.875000
-103.125000
-102.375000
-101.625000
-100.875000
-100.125000
-99.375000
-98.625000
-97.875000
-97.125000
-96.375000
-95.625000
-94.875000
-94.125000
-93.375000
-92.625000
-91.875000
-91.125000
-90.375000
-89.625000
-88.875000
-88.125000
-87.375000
-86.625000
-85.875000
-85.125000
-84.375000
-83.625000
-82.875000
-82.125000
-81.375000
-80.625000
-79.875000
-79.125000
-78.375000
-77.625000
-76.875000
-76.125000
-75.375000
-74.625000
-73.875000
-73.125000
-72.375000
-71.625000
-70.875000
-70.125000
-69.375000
-68.625000
-67.875000
-67.125000
-66.375000
-65.625000
-64.875000
-64.125000
-63.375000
-62.625000
-61.875000
-61.125000
-60.375000
-59.625000
-58.875000
-58.125000
-57.375000
-56.625000
-55.875000
-55.125000
-54.375000
-53.625000
-52.875000
-52.125000
-51.375000
-50.625000
-49.875000
-49.125000
-48.375000
-47.625000
-46.875000
-46.125000
-45.375000
-44.625000
-43.875000
-43.125000
-42.375000
-41.625000
-40.875000
-40.125000
-39.375000
-38.625000
-37.875000
-37.125000
-36.375000
-35.625000
-34.875000
-34.125000
-33.375000
-32.625000
-31.875000
-31.125000
-30.375000
-29.625000
-28.875000
-28.125000
-27.375000
-26.625000
-25.875000
-25.125000
-24.375000
-23.625000
-22.875000
-22.125000
-21.375000
-20.625000
-19.875000
-19.125000
-18.375000
-17.625000
-16.875000
-16.125000
-15.375000
-14.625000
-13.875000
-13.125000
-12.375000
-11.625000
-10.875000
-10.125000
-9.375000
-8.625000
-7.875000
-7.125000
-6.375000
-5.625000
-4.875000
-4.125000
-3.375000
-2.625000
-1.875000
-1.125000
-0.375000
0.375000
1.125000
1.875000
2.625000
3.375000
4.125000
4.875000
5.625000
6.375000
7.125000
7.875000
8.625000
9.375000
10.125000
10.875000
11.625000
12.375000
13.125000
13.875000
14.625000
15.375000
16.125000
16.875000
17.625000
18.375000
19.125000
19.875000
20.625000
21.375000
22.125000
22.875000
23.625000
24.375000
25.125000
25.875000
26.625000
27.375000
28.125000
28.875000
29.625000
30.375000
31.125000
31.875000
32.625000
33.375000
34.125000
34.875000
35.625000
36.375000
37.125000
37.875000
38.625000
39.375000
40.125000
40.875000
41.625000
42.375000
43.125000
43.875000
44.625000
45.375000
46.125000
46.875000
47.625000
48.375000
49.125000
49.875000
50.625000
51.375000
52.125000
52.875000
53.625000
54.375000
55.125000
55.875000
56.625000
57.375000
58.125000
58.875000
59.625000
60.375000
61.125000
61.875000
62.625000
63.375000
64.125000
64.875000
65.625000
66.375000
67.125000
67.875000
68.625000
69.375000
70.125000
70.875000
71.625000
72.375000
73.125000
73.875000
74.625000
75.375000
76.125000
76.875000
77.625000
78.375000
79.125000
79.875000
80.625000
81.375000
82.125000
82.875000
83.625000
84.375000
85.125000
85.875000
86.625000
87.375000
88.125000
88.875000
89.625000
90.375000
91.125000
91.875000
92.625000
93.375000
94.125000
94.875000
95.625000
96.375000
97.125000
97.875000
98.625000
99.375000
100.125000
100.875000
101.625000
102.375000
103.125000
103.875000
104.625000
105.375000
106.125000
106.875000
107.625000
108.375000
109.125000
109.875000
110.625000
111.375000
112.125000
112.875000
113.625000
114.375000
115.125000
115.875000
116.625000
117.375000
118.125000
118.875000
119.625000
120.375000
121.125000
121.875000
122.625000
123.375000
124.125000
124.875000
125.625000
126.375000
127.125000
127.875000
128.625000
129.375000
130.125000
130.875000
131.625000
132.375000
133.125000
133.875000
134.625000
135.375000
136.125000
136.875000
137.625000
138.375000
139.125000
139.875000
140.625000
141.375000
142.125000
142.875000
143.625000
144.375000
145.125000
145.875000
146.625000
147.375000
148.125000
148.875000
149.625000
150.375000
151.125000
151.875000
152.625000
153.375000
154.125000
154.875000
155.625000
156.375000
157.125000
157.875000
158.625000
159.375000
160.125000
160.875000
161.625000
162.375000
163.125000
163.875000
164.625000
165.375000
166.125000
166.875000
167.625000
168.375000
169.125000
169.875000
170.625000
171.375000
172.125000
172.875000
173.625000
174.375000
175.125000
175.875000
176.625000
177.375000
178.125000
178.875000
179.625000
