-89.250000
-87.750000
-86.250000
-84.750000
-83.250000
-81.750000
-80.250000
-78.750000
-77.250000
-75.750000
-74.250000
-72.750000
-71.250000
-69.750000
-68.250000
-66.750000
-65.250000
-63.750000
-62.250000
-60.750000
-59.250000
-57.750000
-56.250000
-54.750000
-53.250000
-51.750000
-50.250000
-48.750000
-47.250000
-45.750000
-44.250000
-42.750000
-41.250000
-39.750000
-38.250000
-36.750000
-35.250000
-33.750000
-32.250000
-30.750000
-29.250000
-27.750000
-26.250000
-24.750000
-23.250000
-21.750000
-20.250000
-18.750000
-17.250000
-15.750000
-14.250000
-12.750000
-11.250000
-9.750000
-8.250000
-6.750000
-5.250000
-3.750000
-2.250000
-0.750000
0.750000
2.250000
3.750000
5.250000
6.750000
8.250000
9.750000
11.250000
12.750000
14.250000
15.750000
17.250000
18.750000
20.250000
21.750000
23.250000
24.750000
26.250000
27.750000
29.250000
30.750000
32.250000
33.750000
35.250000
36.750000
38.250000
39.750000
41.250000
42.750000
44.250000
45.750000
47.250000
48.750000
50.250000
51.750000
53.250000
54.750000
56.250000
57.750000
59.250000
60.750000
62.250000
63.750000
65.250000
66.750000
68.250000
69.750000
71.250000
72.750000
74.250000
75.750000
77.250000
78.750000
80.250000
81.750000
83.250000
84.750000
86.250000
87.750000
89.250000
