-90.000000
-88.500000
-87.000000
-85.500000
-84.000000
-82.500000
-81.000000
-79.500000
-78.000000
-76.500000
-75.000000
-73.500000
-72.000000
-70.500000
-69.000000
-67.500000
-66.000000
-64.500000
-63.000000
-61.500000
-60.000000
-58.500000
-57.000000
-55.500000
-54.000000
-52.500000
-51.000000
-49.500000
-48.000000
-46.500000
-45.000000
-43.500000
-42.000000
-40.500000
-39.000000
-37.500000
-36.000000
-34.500000
-33.000000
-31.500000
-30.000000
-28.500000
-27.000000
-25.500000
-24.000000
-22.500000
-21.000000
-19.500000
-18.000000
-16.500000
-15.000000
-13.500000
-12.000000
-10.500000
-9.000000
-7.500000
-6.000000
-4.500000
-3.000000
-1.500000
0.000000
1.500000
3.000000
4.500000
6.000000
7.500000
9.000000
10.500000
12.000000
13.500000
15.000000
16.500000
18.000000
19.500000
21.000000
22.500000
24.000000
25.500000
27.000000
28.500000
30.000000
31.500000
33.000000
34.500000
36.000000
37.500000
39.000000
40.500000
42.000000
43.500000
45.000000
46.500000
48.000000
49.500000
51.000000
52.500000
54.000000
55.500000
57.000000
58.500000
60.000000
61.500000
63.000000
64.500000
66.000000
67.500000
69.000000
70.500000
72.000000
73.500000
75.000000
76.500000
78.000000
79.500000
81.000000
82.500000
84.000000
85.500000
87.000000
88.500000
