-179.250000
-177.750000
-176.250000
-174.750000
-173.250000
-171.750000
-170.250000
-168.750000
-167.250000
-165.750000
-164.250000
-162.750000
-161.250000
-159.750000
-158.250000
-156.750000
-155.250000
-153.750000
-152.250000
-150.750000
-149.250000
-147.750000
-146.250000
-144.750000
-143.250000
-141.750000
-140.250000
-138.750000
-137.250000
-135.750000
-134.250000
-132.750000
-131.250000
-129.750000
-128.250000
-126.750000
-125.250000
-123.750000
-122.250000
-120.750000
-119.250000
-117.750000
-116.250000
-114.750000
-113.250000
-111.750000
-110.250000
-108.750000
-107.250000
-105.750000
-104.250000
-102.750000
-101.250000
-99.750000
-98.250000
-96.750000
-95.250000
-93.750000
-92.250000
-90.750000
-89.250000
-87.750000
-86.250000
-84.750000
-83.250000
-81.750000
-80.250000
-78.750000
-77.250000
-75.750000
-74.250000
-72.750000
-71.250000
-69.750000
-68.250000
-66.750000
-65.250000
-63.750000
-62.250000
-60.750000
-59.250000
-57.750000
-56.250000
-54.750000
-53.250000
-51.750000
-50.250000
-48.750000
-47.250000
-45.750000
-44.250000
-42.750000
-41.250000
-39.750000
-38.250000
-36.750000
-35.250000
-33.750000
-32.250000
-30.750000
-29.250000
-27.750000
-26.250000
-24.750000
-23.250000
-21.750000
-20.250000
-18.750000
-17.250000
-15.750000
-14.250000
-12.750000
-11.250000
-9.750000
-8.250000
-6.750000
-5.250000
-3.750000
-2.250000
-0.750000
0.750000
2.250000
3.750000
5.250000
6.750000
8.250000
9.750000
11.250000
12.750000
14.250000
15.750000
17.250000
18.750000
20.250000
21.750000
23.250000
24.750000
26.250000
27.750000
29.250000
30.750000
32.250000
33.750000
35.250000
36.750000
38.250000
39.750000
41.250000
42.750000
44.250000
45.750000
47.250000
48.750000
50.250000
51.750000
53.250000
54.750000
56.250000
57.750000
59.250000
60.750000
62.250000
63.750000
65.250000
66.750000
68.250000
69.750000
71.250000
72.750000
74.250000
75.750000
77.250000
78.750000
80.250000
81.750000
83.250000
84.750000
86.250000
87.750000
89.250000
90.750000
92.250000
93.750000
95.250000
96.750000
98.250000
99.750000
101.250000
102.750000
104.250000
105.750000
107.250000
108.750000
110.250000
111.750000
113.250000
114.750000
116.250000
117.750000
119.250000
120.750000
122.250000
123.750000
125.250000
126.750000
128.250000
129.750000
131.250000
132.750000
134.250000
135.750000
137.250000
138.750000
140.250000
141.750000
143.250000
144.750000
146.250000
147.750000
149.250000
150.750000
152.250000
153.750000
155.250000
156.750000
158.250000
159.750000
161.250000
162.750000
164.250000
165.750000
167.250000
168.750000
170.250000
171.750000
173.250000
174.750000
176.250000
177.750000
179.250000
