-89.875000
-89.625000
-89.375000
-89.125000
-88.875000
-88.625000
-88.375000
-88.125000
-87.875000
-87.625000
-87.375000
-87.125000
-86.875000
-86.625000
-86.375000
-86.125000
-85.875000
-85.625000
-85.375000
-85.125000
-84.875000
-84.625000
-84.375000
-84.125000
-83.875000
-83.625000
-83.375000
-83.125000
-82.875000
-82.625000
-82.375000
-82.125000
-81.875000
-81.625000
-81.375000
-81.125000
-80.875000
-80.625000
-80.375000
-80.125000
-79.875000
-79.625000
-79.375000
-79.125000
-78.875000
-78.625000
-78.375000
-78.125000
-77.875000
-77.625000
-77.375000
-77.125000
-76.875000
-76.625000
-76.375000
-76.125000
-75.875000
-75.625000
-75.375000
-75.125000
-74.875000
-74.625000
-74.375000
-74.125000
-73.875000
-73.625000
-73.375000
-73.125000
-72.875000
-72.625000
-72.375000
-72.125000
-71.875000
-71.625000
-71.375000
-71.125000
-70.875000
-70.625000
-70.375000
-70.125000
-69.875000
-69.625000
-69.375000
-69.125000
-68.875000
-68.625000
-68.375000
-68.125000
-67.875000
-67.625000
-67.375000
-67.125000
-66.875000
-66.625000
-66.375000
-66.125000
-65.875000
-65.625000
-65.375000
-65.125000
-64.875000
-64.625000
-64.375000
-64.125000
-63.875000
-63.625000
-63.375000
-63.125000
-62.875000
-62.625000
-62.375000
-62.125000
-61.875000
-61.625000
-61.375000
-61.125000
-60.875000
-60.625000
-60.375000
-60.125000
-59.875000
-59.625000
-59.375000
-59.125000
-58.875000
-58.625000
-58.375000
-58.125000
-57.875000
-57.625000
-57.375000
-57.125000
-56.875000
-56.625000
-56.375000
-56.125000
-55.875000
-55.625000
-55.375000
-55.125000
-54.875000
-54.625000
-54.375000
-54.125000
-53.875000
-53.625000
-53.375000
-53.125000
-52.875000
-52.625000
-52.375000
-52.125000
-51.875000
-51.625000
-51.375000
-51.125000
-50.875000
-50.625000
-50.375000
-50.125000
-49.875000
-49.625000
-49.375000
-49.125000
-48.875000
-48.625000
-48.375000
-48.125000
-47.875000
-47.625000
-47.375000
-47.125000
-46.875000
-46.625000
-46.375000
-46.125000
-45.875000
-45.625000
-45.375000
-45.125000
-44.875000
-44.625000
-44.375000
-44.125000
-43.875000
-43.625000
-43.375000
-43.125000
-42.875000
-42.625000
-42.375000
-42.125000
-41.875000
-41.625000
-41.375000
-41.125000
-40.875000
-40.625000
-40.375000
-40.125000
-39.875000
-39.625000
-39.375000
-39.125000
-38.875000
-38.625000
-38.375000
-38.125000
-37.875000
-37.625000
-37.375000
-37.125000
-36.875000
-36.625000
-36.375000
-36.125000
-35.875000
-35.625000
-35.375000
-35.125000
-34.875000
-34.625000
-34.375000
-34.125000
-33.875000
-33.625000
-33.375000
-33.125000
-32.875000
-32.625000
-32.375000
-32.125000
-31.875000
-31.625000
-31.375000
-31.125000
-30.875000
-30.625000
-30.375000
-30.125000
-29.875000
-29.625000
-29.375000
-29.125000
-28.875000
-28.625000
-28.375000
-28.125000
-27.875000
-27.625000
-27.375000
-27.125000
-26.875000
-26.625000
-26.375000
-26.125000
-25.875000
-25.625000
-25.375000
-25.125000
-24.875000
-24.625000
-24.375000
-24.125000
-23.875000
-23.625000
-23.375000
-23.125000
-22.875000
-22.625000
-22.375000
-22.125000
-21.875000
-21.625000
-21.375000
-21.125000
-20.875000
-20.625000
-20.375000
-20.125000
-19.875000
-19.625000
-19.375000
-19.125000
-18.875000
-18.625000
-18.375000
-18.125000
-17.875000
-17.625000
-17.375000
-17.125000
-16.875000
-16.625000
-16.375000
-16.125000
-15.875000
-15.625000
-15.375000
-15.125000
-14.875000
-14.625000
-14.375000
-14.125000
-13.875000
-13.625000
-13.375000
-13.125000
-12.875000
-12.625000
-12.375000
-12.125000
-11.875000
-11.625000
-11.375000
-11.125000
-10.875000
-10.625000
-10.375000
-10.125000
-9.875000
-9.625000
-9.375000
-9.125000
-8.875000
-8.625000
-8.375000
-8.125000
-7.875000
-7.625000
-7.375000
-7.125000
-6.875000
-6.625000
-6.375000
-6.125000
-5.875000
-5.625000
-5.375000
-5.125000
-4.875000
-4.625000
-4.375000
-4.125000
-3.875000
-3.625000
-3.375000
-3.125000
-2.875000
-2.625000
-2.375000
-2.125000
-1.875000
-1.625000
-1.375000
-1.125000
-0.875000
-0.625000
-0.375000
-0.125000
0.125000
0.375000
0.625000
0.875000
1.125000
1.375000
1.625000
1.875000
2.125000
2.375000
2.625000
2.875000
3.125000
3.375000
3.625000
3.875000
4.125000
4.375000
4.625000
4.875000
5.125000
5.375000
5.625000
5.875000
6.125000
6.375000
6.625000
6.875000
7.125000
7.375000
7.625000
7.875000
8.125000
8.375000
8.625000
8.875000
9.125000
9.375000
9.625000
9.875000
10.125000
10.375000
10.625000
10.875000
11.125000
11.375000
11.625000
11.875000
12.125000
12.375000
12.625000
12.875000
13.125000
13.375000
13.625000
13.875000
14.125000
14.375000
14.625000
14.875000
15.125000
15.375000
15.625000
15.875000
16.125000
16.375000
16.625000
16.875000
17.125000
17.375000
17.625000
17.875000
18.125000
18.375000
18.625000
18.875000
19.125000
19.375000
19.625000
19.875000
20.125000
20.375000
20.625000
20.875000
21.125000
21.375000
21.625000
21.875000
22.125000
22.375000
22.625000
22.875000
23.125000
23.375000
23.625000
23.875000
24.125000
24.375000
24.625000
24.875000
25.125000
25.375000
25.625000
25.875000
26.125000
26.375000
26.625000
26.875000
27.125000
27.375000
27.625000
27.875000
28.125000
28.375000
28.625000
28.875000
29.125000
29.375000
29.625000
29.875000
30.125000
30.375000
30.625000
30.875000
31.125000
31.375000
31.625000
31.875000
32.125000
32.375000
32.625000
32.875000
33.125000
33.375000
33.625000
33.875000
34.125000
34.375000
34.625000
34.875000
35.125000
35.375000
35.625000
35.875000
36.125000
36.375000
36.625000
36.875000
37.125000
37.375000
37.625000
37.875000
38.125000
38.375000
38.625000
38.875000
39.125000
39.375000
39.625000
39.875000
40.125000
40.375000
40.625000
40.875000
41.125000
41.375000
41.625000
41.875000
42.125000
42.375000
42.625000
42.875000
43.125000
43.375000
43.625000
43.875000
44.125000
44.375000
44.625000
44.875000
45.125000
45.375000
45.625000
45.875000
46.125000
46.375000
46.625000
46.875000
47.125000
47.375000
47.625000
47.875000
48.125000
48.375000
48.625000
48.875000
49.125000
49.375000
49.625000
49.875000
50.125000
50.375000
50.625000
50.875000
51.125000
51.375000
51.625000
51.875000
52.125000
52.375000
52.625000
52.875000
53.125000
53.375000
53.625000
53.875000
54.125000
54.375000
54.625000
54.875000
55.125000
55.375000
55.625000
55.875000
56.125000
56.375000
56.625000
56.875000
57.125000
57.375000
57.625000
57.875000
58.125000
58.375000
58.625000
58.875000
59.125000
59.375000
59.625000
59.875000
60.125000
60.375000
60.625000
60.875000
61.125000
61.375000
61.625000
61.875000
62.125000
62.375000
62.625000
62.875000
63.125000
63.375000
63.625000
63.875000
64.125000
64.375000
64.625000
64.875000
65.125000
65.375000
65.625000
65.875000
66.125000
66.375000
66.625000
66.875000
67.125000
67.375000
67.625000
67.875000
68.125000
68.375000
68.625000
68.875000
69.125000
69.375000
69.625000
69.875000
70.125000
70.375000
70.625000
70.875000
71.125000
71.375000
71.625000
71.875000
72.125000
72.375000
72.625000
72.875000
73.125000
73.375000
73.625000
73.875000
74.125000
74.375000
74.625000
74.875000
75.125000
75.375000
75.625000
75.875000
76.125000
76.375000
76.625000
76.875000
77.125000
77.375000
77.625000
77.875000
78.125000
78.375000
78.625000
78.875000
79.125000
79.375000
79.625000
79.875000
80.125000
80.375000
80.625000
80.875000
81.125000
81.375000
81.625000
81.875000
82.125000
82.375000
82.625000
82.875000
83.125000
83.375000
83.625000
83.875000
84.125000
84.375000
84.625000
84.875000
85.125000
85.375000
85.625000
85.875000
86.125000
86.375000
86.625000
86.875000
87.125000
87.375000
87.625000
87.875000
88.125000
88.375000
88.625000
88.875000
89.125000
89.375000
89.625000
89.875000
