-179.875000
-179.625000
-179.375000
-179.125000
-178.875000
-178.625000
-178.375000
-178.125000
-177.875000
-177.625000
-177.375000
-177.125000
-176.875000
-176.625000
-176.375000
-176.125000
-175.875000
-175.625000
-175.375000
-175.125000
-174.875000
-174.625000
-174.375000
-174.125000
-173.875000
-173.625000
-173.375000
-173.125000
-172.875000
-172.625000
-172.375000
-172.125000
-171.875000
-171.625000
-171.375000
-171.125000
-170.875000
-170.625000
-170.375000
-170.125000
-169.875000
-169.625000
-169.375000
-169.125000
-168.875000
-168.625000
-168.375000
-168.125000
-167.875000
-167.625000
-167.375000
-167.125000
-166.875000
-166.625000
-166.375000
-166.125000
-165.875000
-165.625000
-165.375000
-165.125000
-164.875000
-164.625000
-164.375000
-164.125000
-163.875000
-163.625000
-163.375000
-163.125000
-162.875000
-162.625000
-162.375000
-162.125000
-161.875000
-161.625000
-161.375000
-161.125000
-160.875000
-160.625000
-160.375000
-160.125000
-159.875000
-159.625000
-159.375000
-159.125000
-158.875000
-158.625000
-158.375000
-158.125000
-157.875000
-157.625000
-157.375000
-157.125000
-156.875000
-156.625000
-156.375000
-156.125000
-155.875000
-155.625000
-155.375000
-155.125000
-154.875000
-154.625000
-154.375000
-154.125000
-153.875000
-153.625000
-153.375000
-153.125000
-152.875000
-152.625000
-152.375000
-152.125000
-151.875000
-151.625000
-151.375000
-151.125000
-150.875000
-150.625000
-150.375000
-150.125000
-149.875000
-149.625000
-149.375000
-149.125000
-148.875000
-148.625000
-148.375000
-148.125000
-147.875000
-147.625000
-147.375000
-147.125000
-146.875000
-146.625000
-146.375000
-146.125000
-145.875000
-145.625000
-145.375000
-145.125000
-144.875000
-144.625000
-144.375000
-144.125000
-143.875000
-143.625000
-143.375000
-143.125000
-142.875000
-142.625000
-142.375000
-142.125000
-141.875000
-141.625000
-141.375000
-141.125000
-140.875000
-140.625000
-140.375000
-140.125000
-139.875000
-139.625000
-139.375000
-139.125000
-138.875000
-138.625000
-138.375000
-138.125000
-137.875000
-137.625000
-137.375000
-137.125000
-136.875000
-136.625000
-136.375000
-136.125000
-135.875000
-135.625000
-135.375000
-135.125000
-134.875000
-134.625000
-134.375000
-134.125000
-133.875000
-133.625000
-133.375000
-133.125000
-132.875000
-132.625000
-132.375000
-132.125000
-131.875000
-131.625000
-131.375000
-131.125000
-130.875000
-130.625000
-130.375000
-130.125000
-129.875000
-129.625000
-129.375000
-129.125000
-128.875000
-128.625000
-128.375000
-128.125000
-127.875000
-127.625000
-127.375000
-127.125000
-126.875000
-126.625000
-126.375000
-126.125000
-125.875000
-125.625000
-125.375000
-125.125000
-124.875000
-124.625000
-124.375000
-124.125000
-123.875000
-123.625000
-123.375000
-123.125000
-122.875000
-122.625000
-122.375000
-122.125000
-121.875000
-121.625000
-121.375000
-121.125000
-120.875000
-120.625000
-120.375000
-120.125000
-119.875000
-119.625000
-119.375000
-119.125000
-118.875000
-118.625000
-118.375000
-118.125000
-117.875000
-117.625000
-117.375000
-117.125000
-116.875000
-116.625000
-116.375000
-116.125000
-115.875000
-115.625000
-115.375000
-115.125000
-114.875000
-114.625000
-114.375000
-114.125000
-113.875000
-113.625000
-113.375000
-113.125000
-112.875000
-112.625000
-112.375000
-112.125000
-111.875000
-111.625000
-111.375000
-111.125000
-110.875000
-110.625000
-110.375000
-110.125000
-109.875000
-109.625000
-109.375000
-109.125000
-108.875000
-108.625000
-108.375000
-108.125000
-107.875000
-107.625000
-107.375000
-107.125000
-106.875000
-106.625000
-106.375000
-106.125000
-105.875000
-105.625000
-105.375000
-105.125000
-104.875000
-104.625000
-104.375000
-104.125000
-103.875000
-103.625000
-103.375000
-103.125000
-102.875000
-102.625000
-102.375000
-102.125000
-101.875000
-101.625000
-101.375000
-101.125000
-100.875000
-100.625000
-100.375000
-100.125000
-99.875000
-99.625000
-99.375000
-99.125000
-98.875000
-98.625000
-98.375000
-98.125000
-97.875000
-97.625000
-97.375000
-97.125000
-96.875000
-96.625000
-96.375000
-96.125000
-95.875000
-95.625000
-95.375000
-95.125000
-94.875000
-94.625000
-94.375000
-94.125000
-93.875000
-93.625000
-93.375000
-93.125000
-92.875000
-92.625000
-92.375000
-92.125000
-91.875000
-91.625000
-91.375000
-91.125000
-90.875000
-90.625000
-90.375000
-90.125000
-89.875000
-89.625000
-89.375000
-89.125000
-88.875000
-88.625000
-88.375000
-88.125000
-87.875000
-87.625000
-87.375000
-87.125000
-86.875000
-86.625000
-86.375000
-86.125000
-85.875000
-85.625000
-85.375000
-85.125000
-84.875000
-84.625000
-84.375000
-84.125000
-83.875000
-83.625000
-83.375000
-83.125000
-82.875000
-82.625000
-82.375000
-82.125000
-81.875000
-81.625000
-81.375000
-81.125000
-80.875000
-80.625000
-80.375000
-80.125000
-79.875000
-79.625000
-79.375000
-79.125000
-78.875000
-78.625000
-78.375000
-78.125000
-77.875000
-77.625000
-77.375000
-77.125000
-76.875000
-76.625000
-76.375000
-76.125000
-75.875000
-75.625000
-75.375000
-75.125000
-74.875000
-74.625000
-74.375000
-74.125000
-73.875000
-73.625000
-73.375000
-73.125000
-72.875000
-72.625000
-72.375000
-72.125000
-71.875000
-71.625000
-71.375000
-71.125000
-70.875000
-70.625000
-70.375000
-70.125000
-69.875000
-69.625000
-69.375000
-69.125000
-68.875000
-68.625000
-68.375000
-68.125000
-67.875000
-67.625000
-67.375000
-67.125000
-66.875000
-66.625000
-66.375000
-66.125000
-65.875000
-65.625000
-65.375000
-65.125000
-64.875000
-64.625000
-64.375000
-64.125000
-63.875000
-63.625000
-63.375000
-63.125000
-62.875000
-62.625000
-62.375000
-62.125000
-61.875000
-61.625000
-61.375000
-61.125000
-60.875000
-60.625000
-60.375000
-60.125000
-59.875000
-59.625000
-59.375000
-59.125000
-58.875000
-58.625000
-58.375000
-58.125000
-57.875000
-57.625000
-57.375000
-57.125000
-56.875000
-56.625000
-56.375000
-56.125000
-55.875000
-55.625000
-55.375000
-55.125000
-54.875000
-54.625000
-54.375000
-54.125000
-53.875000
-53.625000
-53.375000
-53.125000
-52.875000
-52.625000
-52.375000
-52.125000
-51.875000
-51.625000
-51.375000
-51.125000
-50.875000
-50.625000
-50.375000
-50.125000
-49.875000
-49.625000
-49.375000
-49.125000
-48.875000
-48.625000
-48.375000
-48.125000
-47.875000
-47.625000
-47.375000
-47.125000
-46.875000
-46.625000
-46.375000
-46.125000
-45.875000
-45.625000
-45.375000
-45.125000
-44.875000
-44.625000
-44.375000
-44.125000
-43.875000
-43.625000
-43.375000
-43.125000
-42.875000
-42.625000
-42.375000
-42.125000
-41.875000
-41.625000
-41.375000
-41.125000
-40.875000
-40.625000
-40.375000
-40.125000
-39.875000
-39.625000
-39.375000
-39.125000
-38.875000
-38.625000
-38.375000
-38.125000
-37.875000
-37.625000
-37.375000
-37.125000
-36.875000
-36.625000
-36.375000
-36.125000
-35.875000
-35.625000
-35.375000
-35.125000
-34.875000
-34.625000
-34.375000
-34.125000
-33.875000
-33.625000
-33.375000
-33.125000
-32.875000
-32.625000
-32.375000
-32.125000
-31.875000
-31.625000
-31.375000
-31.125000
-30.875000
-30.625000
-30.375000
-30.125000
-29.875000
-29.625000
-29.375000
-29.125000
-28.875000
-28.625000
-28.375000
-28.125000
-27.875000
-27.625000
-27.375000
-27.125000
-26.875000
-26.625000
-26.375000
-26.125000
-25.875000
-25.625000
-25.375000
-25.125000
-24.875000
-24.625000
-24.375000
-24.125000
-23.875000
-23.625000
-23.375000
-23.125000
-22.875000
-22.625000
-22.375000
-22.125000
-21.875000
-21.625000
-21.375000
-21.125000
-20.875000
-20.625000
-20.375000
-20.125000
-19.875000
-19.625000
-19.375000
-19.125000
-18.875000
-18.625000
-18.375000
-18.125000
-17.875000
-17.625000
-17.375000
-17.125000
-16.875000
-16.625000
-16.375000
-16.125000
-15.875000
-15.625000
-15.375000
-15.125000
-14.875000
-14.625000
-14.375000
-14.125000
-13.875000
-13.625000
-13.375000
-13.125000
-12.875000
-12.625000
-12.375000
-12.125000
-11.875000
-11.625000
-11.375000
-11.125000
-10.875000
-10.625000
-10.375000
-10.125000
-9.875000
-9.625000
-9.375000
-9.125000
-8.875000
-8.625000
-8.375000
-8.125000
-7.875000
-7.625000
-7.375000
-7.125000
-6.875000
-6.625000
-6.375000
-6.125000
-5.875000
-5.625000
-5.375000
-5.125000
-4.875000
-4.625000
-4.375000
-4.125000
-3.875000
-3.625000
-3.375000
-3.125000
-2.875000
-2.625000
-2.375000
-2.125000
-1.875000
-1.625000
-1.375000
-1.125000
-0.875000
-0.625000
-0.375000
-0.125000
0.125000
0.375000
0.625000
0.875000
1.125000
1.375000
1.625000
1.875000
2.125000
2.375000
2.625000
2.875000
3.125000
3.375000
3.625000
3.875000
4.125000
4.375000
4.625000
4.875000
5.125000
5.375000
5.625000
5.875000
6.125000
6.375000
6.625000
6.875000
7.125000
7.375000
7.625000
7.875000
8.125000
8.375000
8.625000
8.875000
9.125000
9.375000
9.625000
9.875000
10.125000
10.375000
10.625000
10.875000
11.125000
11.375000
11.625000
11.875000
12.125000
12.375000
12.625000
12.875000
13.125000
13.375000
13.625000
13.875000
14.125000
14.375000
14.625000
14.875000
15.125000
15.375000
15.625000
15.875000
16.125000
16.375000
16.625000
16.875000
17.125000
17.375000
17.625000
17.875000
18.125000
18.375000
18.625000
18.875000
19.125000
19.375000
19.625000
19.875000
20.125000
20.375000
20.625000
20.875000
21.125000
21.375000
21.625000
21.875000
22.125000
22.375000
22.625000
22.875000
23.125000
23.375000
23.625000
23.875000
24.125000
24.375000
24.625000
24.875000
25.125000
25.375000
25.625000
25.875000
26.125000
26.375000
26.625000
26.875000
27.125000
27.375000
27.625000
27.875000
28.125000
28.375000
28.625000
28.875000
29.125000
29.375000
29.625000
29.875000
30.125000
30.375000
30.625000
30.875000
31.125000
31.375000
31.625000
31.875000
32.125000
32.375000
32.625000
32.875000
33.125000
33.375000
33.625000
33.875000
34.125000
34.375000
34.625000
34.875000
35.125000
35.375000
35.625000
35.875000
36.125000
36.375000
36.625000
36.875000
37.125000
37.375000
37.625000
37.875000
38.125000
38.375000
38.625000
38.875000
39.125000
39.375000
39.625000
39.875000
40.125000
40.375000
40.625000
40.875000
41.125000
41.375000
41.625000
41.875000
42.125000
42.375000
42.625000
42.875000
43.125000
43.375000
43.625000
43.875000
44.125000
44.375000
44.625000
44.875000
45.125000
45.375000
45.625000
45.875000
46.125000
46.375000
46.625000
46.875000
47.125000
47.375000
47.625000
47.875000
48.125000
48.375000
48.625000
48.875000
49.125000
49.375000
49.625000
49.875000
50.125000
50.375000
50.625000
50.875000
51.125000
51.375000
51.625000
51.875000
52.125000
52.375000
52.625000
52.875000
53.125000
53.375000
53.625000
53.875000
54.125000
54.375000
54.625000
54.875000
55.125000
55.375000
55.625000
55.875000
56.125000
56.375000
56.625000
56.875000
57.125000
57.375000
57.625000
57.875000
58.125000
58.375000
58.625000
58.875000
59.125000
59.375000
59.625000
59.875000
60.125000
60.375000
60.625000
60.875000
61.125000
61.375000
61.625000
61.875000
62.125000
62.375000
62.625000
62.875000
63.125000
63.375000
63.625000
63.875000
64.125000
64.375000
64.625000
64.875000
65.125000
65.375000
65.625000
65.875000
66.125000
66.375000
66.625000
66.875000
67.125000
67.375000
67.625000
67.875000
68.125000
68.375000
68.625000
68.875000
69.125000
69.375000
69.625000
69.875000
70.125000
70.375000
70.625000
70.875000
71.125000
71.375000
71.625000
71.875000
72.125000
72.375000
72.625000
72.875000
73.125000
73.375000
73.625000
73.875000
74.125000
74.375000
74.625000
74.875000
75.125000
75.375000
75.625000
75.875000
76.125000
76.375000
76.625000
76.875000
77.125000
77.375000
77.625000
77.875000
78.125000
78.375000
78.625000
78.875000
79.125000
79.375000
79.625000
79.875000
80.125000
80.375000
80.625000
80.875000
81.125000
81.375000
81.625000
81.875000
82.125000
82.375000
82.625000
82.875000
83.125000
83.375000
83.625000
83.875000
84.125000
84.375000
84.625000
84.875000
85.125000
85.375000
85.625000
85.875000
86.125000
86.375000
86.625000
86.875000
87.125000
87.375000
87.625000
87.875000
88.125000
88.375000
88.625000
88.875000
89.125000
89.375000
89.625000
89.875000
90.125000
90.375000
90.625000
90.875000
91.125000
91.375000
91.625000
91.875000
92.125000
92.375000
92.625000
92.875000
93.125000
93.375000
93.625000
93.875000
94.125000
94.375000
94.625000
94.875000
95.125000
95.375000
95.625000
95.875000
96.125000
96.375000
96.625000
96.875000
97.125000
97.375000
97.625000
97.875000
98.125000
98.375000
98.625000
98.875000
99.125000
99.375000
99.625000
99.875000
100.125000
100.375000
100.625000
100.875000
101.125000
101.375000
101.625000
101.875000
102.125000
102.375000
102.625000
102.875000
103.125000
103.375000
103.625000
103.875000
104.125000
104.375000
104.625000
104.875000
105.125000
105.375000
105.625000
105.875000
106.125000
106.375000
106.625000
106.875000
107.125000
107.375000
107.625000
107.875000
108.125000
108.375000
108.625000
108.875000
109.125000
109.375000
109.625000
109.875000
110.125000
110.375000
110.625000
110.875000
111.125000
111.375000
111.625000
111.875000
112.125000
112.375000
112.625000
112.875000
113.125000
113.375000
113.625000
113.875000
114.125000
114.375000
114.625000
114.875000
115.125000
115.375000
115.625000
115.875000
116.125000
116.375000
116.625000
116.875000
117.125000
117.375000
117.625000
117.875000
118.125000
118.375000
118.625000
118.875000
119.125000
119.375000
119.625000
119.875000
120.125000
120.375000
120.625000
120.875000
121.125000
121.375000
121.625000
121.875000
122.125000
122.375000
122.625000
122.875000
123.125000
123.375000
123.625000
123.875000
124.125000
124.375000
124.625000
124.875000
125.125000
125.375000
125.625000
125.875000
126.125000
126.375000
126.625000
126.875000
127.125000
127.375000
127.625000
127.875000
128.125000
128.375000
128.625000
128.875000
129.125000
129.375000
129.625000
129.875000
130.125000
130.375000
130.625000
130.875000
131.125000
131.375000
131.625000
131.875000
132.125000
132.375000
132.625000
132.875000
133.125000
133.375000
133.625000
133.875000
134.125000
134.375000
134.625000
134.875000
135.125000
135.375000
135.625000
135.875000
136.125000
136.375000
136.625000
136.875000
137.125000
137.375000
137.625000
137.875000
138.125000
138.375000
138.625000
138.875000
139.125000
139.375000
139.625000
139.875000
140.125000
140.375000
140.625000
140.875000
141.125000
141.375000
141.625000
141.875000
142.125000
142.375000
142.625000
142.875000
143.125000
143.375000
143.625000
143.875000
144.125000
144.375000
144.625000
144.875000
145.125000
145.375000
145.625000
145.875000
146.125000
146.375000
146.625000
146.875000
147.125000
147.375000
147.625000
147.875000
148.125000
148.375000
148.625000
148.875000
149.125000
149.375000
149.625000
149.875000
150.125000
150.375000
150.625000
150.875000
151.125000
151.375000
151.625000
151.875000
152.125000
152.375000
152.625000
152.875000
153.125000
153.375000
153.625000
153.875000
154.125000
154.375000
154.625000
154.875000
155.125000
155.375000
155.625000
155.875000
156.125000
156.375000
156.625000
156.875000
157.125000
157.375000
157.625000
157.875000
158.125000
158.375000
158.625000
158.875000
159.125000
159.375000
159.625000
159.875000
160.125000
160.375000
160.625000
160.875000
161.125000
161.375000
161.625000
161.875000
162.125000
162.375000
162.625000
162.875000
163.125000
163.375000
163.625000
163.875000
164.125000
164.375000
164.625000
164.875000
165.125000
165.375000
165.625000
165.875000
166.125000
166.375000
166.625000
166.875000
167.125000
167.375000
167.625000
167.875000
168.125000
168.375000
168.625000
168.875000
169.125000
169.375000
169.625000
169.875000
170.125000
170.375000
170.625000
170.875000
171.125000
171.375000
171.625000
171.875000
172.125000
172.375000
172.625000
172.875000
173.125000
173.375000
173.625000
173.875000
174.125000
174.375000
174.625000
174.875000
175.125000
175.375000
175.625000
175.875000
176.125000
176.375000
176.625000
176.875000
177.125000
177.375000
177.625000
177.875000
178.125000
178.375000
178.625000
178.875000
179.125000
179.375000
179.625000
179.875000
