-90.000000
-87.750000
-85.500000
-83.250000
-81.000000
-78.750000
-76.500000
-74.250000
-72.000000
-69.750000
-67.500000
-65.250000
-63.000000
-60.750000
-58.500000
-56.250000
-54.000000
-51.750000
-49.500000
-47.250000
-45.000000
-42.750000
-40.500000
-38.250000
-36.000000
-33.750000
-31.500000
-29.250000
-27.000000
-24.750000
-22.500000
-20.250000
-18.000000
-15.750000
-13.500000
-11.250000
-9.000000
-6.750000
-4.500000
-2.250000
0.000000
2.250000
4.500000
6.750000
9.000000
11.250000
13.500000
15.750000
18.000000
20.250000
22.500000
24.750000
27.000000
29.250000
31.500000
33.750000
36.000000
38.250000
40.500000
42.750000
45.000000
47.250000
49.500000
51.750000
54.000000
56.250000
58.500000
60.750000
63.000000
65.250000
67.500000
69.750000
72.000000
74.250000
76.500000
78.750000
81.000000
83.250000
85.500000
87.750000
