-88.875000
-86.625000
-84.375000
-82.125000
-79.875000
-77.625000
-75.375000
-73.125000
-70.875000
-68.625000
-66.375000
-64.125000
-61.875000
-59.625000
-57.375000
-55.125000
-52.875000
-50.625000
-48.375000
-46.125000
-43.875000
-41.625000
-39.375000
-37.125000
-34.875000
-32.625000
-30.375000
-28.125000
-25.875000
-23.625000
-21.375000
-19.125000
-16.875000
-14.625000
-12.375000
-10.125000
-7.875000
-5.625000
-3.375000
-1.125000
1.125000
3.375000
5.625000
7.875000
10.125000
12.375000
14.625000
16.875000
19.125000
21.375000
23.625000
25.875000
28.125000
30.375000
32.625000
34.875000
37.125000
39.375000
41.625000
43.875000
46.125000
48.375000
50.625000
52.875000
55.125000
57.375000
59.625000
61.875000
64.125000
66.375000
68.625000
70.875000
73.125000
75.375000
77.625000
79.875000
82.125000
84.375000
86.625000
88.875000
