-178.875000
-176.625000
-174.375000
-172.125000
-169.875000
-167.625000
-165.375000
-163.125000
-160.875000
-158.625000
-156.375000
-154.125000
-151.875000
-149.625000
-147.375000
-145.125000
-142.875000
-140.625000
-138.375000
-136.125000
-133.875000
-131.625000
-129.375000
-127.125000
-124.875000
-122.625000
-120.375000
-118.125000
-115.875000
-113.625000
-111.375000
-109.125000
-106.875000
-104.625000
-102.375000
-100.125000
-97.875000
-95.625000
-93.375000
-91.125000
-88.875000
-86.625000
-84.375000
-82.125000
-79.875000
-77.625000
-75.375000
-73.125000
-70.875000
-68.625000
-66.375000
-64.125000
-61.875000
-59.625000
-57.375000
-55.125000
-52.875000
-50.625000
-48.375000
-46.125000
-43.875000
-41.625000
-39.375000
-37.125000
-34.875000
-32.625000
-30.375000
-28.125000
-25.875000
-23.625000
-21.375000
-19.125000
-16.875000
-14.625000
-12.375000
-10.125000
-7.875000
-5.625000
-3.375000
-1.125000
1.125000
3.375000
5.625000
7.875000
10.125000
12.375000
14.625000
16.875000
19.125000
21.375000
23.625000
25.875000
28.125000
30.375000
32.625000
34.875000
37.125000
39.375000
41.625000
43.875000
46.125000
48.375000
50.625000
52.875000
55.125000
57.375000
59.625000
61.875000
64.125000
66.375000
68.625000
70.875000
73.125000
75.375000
77.625000
79.875000
82.125000
84.375000
86.625000
88.875000
91.125000
93.375000
95.625000
97.875000
100.125000
102.375000
104.625000
106.875000
109.125000
111.375000
113.625000
115.875000
118.125000
120.375000
122.625000
124.875000
127.125000
129.375000
131.625000
133.875000
136.125000
138.375000
140.625000
142.875000
145.125000
147.375000
149.625000
151.875000
154.125000
156.375000
158.625000
160.875000
163.125000
165.375000
167.625000
169.875000
172.125000
174.375000
176.625000
178.875000
