-180.000000
-177.750000
-175.500000
-173.250000
-171.000000
-168.750000
-166.500000
-164.250000
-162.000000
-159.750000
-157.500000
-155.250000
-153.000000
-150.750000
-148.500000
-146.250000
-144.000000
-141.750000
-139.500000
-137.250000
-135.000000
-132.750000
-130.500000
-128.250000
-126.000000
-123.750000
-121.500000
-119.250000
-117.000000
-114.750000
-112.500000
-110.250000
-108.000000
-105.750000
-103.500000
-101.250000
-99.000000
-96.750000
-94.500000
-92.250000
-90.000000
-87.750000
-85.500000
-83.250000
-81.000000
-78.750000
-76.500000
-74.250000
-72.000000
-69.750000
-67.500000
-65.250000
-63.000000
-60.750000
-58.500000
-56.250000
-54.000000
-51.750000
-49.500000
-47.250000
-45.000000
-42.750000
-40.500000
-38.250000
-36.000000
-33.750000
-31.500000
-29.250000
-27.000000
-24.750000
-22.500000
-20.250000
-18.000000
-15.750000
-13.500000
-11.250000
-9.000000
-6.750000
-4.500000
-2.250000
0.000000
2.250000
4.500000
6.750000
9.000000
11.250000
13.500000
15.750000
18.000000
20.250000
22.500000
24.750000
27.000000
29.250000
31.500000
33.750000
36.000000
38.250000
40.500000
42.750000
45.000000
47.250000
49.500000
51.750000
54.000000
56.250000
58.500000
60.750000
63.000000
65.250000
67.500000
69.750000
72.000000
74.250000
76.500000
78.750000
81.000000
83.250000
85.500000
87.750000
90.000000
92.250000
94.500000
96.750000
99.000000
101.250000
103.500000
105.750000
108.000000
110.250000
112.500000
114.750000
117.000000
119.250000
121.500000
123.750000
126.000000
128.250000
130.500000
132.750000
135.000000
137.250000
139.500000
141.750000
144.000000
146.250000
148.500000
150.750000
153.000000
155.250000
157.500000
159.750000
162.000000
164.250000
166.500000
168.750000
171.000000
173.250000
175.500000
177.750000
